0 19
1 26
2 31
3 35
4 42
5 47
6 50
7 52
8 61
9 65
10 74
11 80
12 82
13 87
14 91
15 95
16 104
17 109
18 111
20 112
21 114
24 119
25 122
26 123
28 125
29 126
31 127
32 133
33 138
34 143
36 147
37 149
38 150
39 152
40 155
41 156
42 157
43 158
44 160
46 161
48 163
49 164
50 166
51 167
56 168
57 169
60 171
64 179
65 185
66 186
67 188
68 192
70 195
71 197
72 201
73 202
74 203
76 206
77 209
78 210
80 214
81 215
82 219
83 222
84 223
89 224
90 225
96 229
97 231
98 232
100 234
104 235
107 236
108 238
110 239
112 241
113 242
114 244
116 246
